indices_wrong = [
    2998, 3018, 3053, 3057, 3099, 3102, 3110, 3138, 3216, 3220, 3222, 3248, 3254, 3268, 3282, 3292, 3301, 3307, 3312, 3335, 3337, 3368, 3394, 3459, 3493, 3510, 3621, 3651, 3659, 3690, 3781, 3784, 3797, 3800, 3860, 3861, 3927, 3934, 3987, 3991, 4035, 4036, 4066, 4080, 4102, 4154, 4171, 4192, 4244, 4319, 4368, 4387, 4393, 4420, 4421, 4422, 4423, 4424, 4425, 4426, 4427, 4428, 4429, 4430, 4431, 4432, 4433, 4434, 4435, 4436, 4437, 4438, 4439, 4440, 4441, 4442, 4443, 4444, 4445, 4446, 4447, 4448,
    7432, 7457, 7466, 7504, 7532, 7579, 7580, 7633, 7640, 7674, 7702, 7764, 7772, 7861, 7870, 7877, 7898, 7933, 7954, 7964, 7967, 7986, 8017, 8018, 8040, 8043, 8047, 8064, 8082, 8083, , 8095, 8132, 8133, 8188, 8195, 8202, 8204, 8211, 8267, 8295, 8317, 8335 8336, 8373, 8381, 8458, 8482, 8485, 8520, 8542, 8551, 8565, 8568, 8580, 8706, 8716, 8734, 8790, 8791, 8792, 8793, 8794, 8795, 8796, 8797, 8798, 8799, 8800, 8801, 8802, 8803, 8804, 8805, 8806, 8807, 8808, 8809, 8810, 8811, 8812,
    5964, 5976, 6104, 6123, 6163, 6169, 6181, 6189, 6200, 6261, 6283, 6301, 6310, 6318, 6320, 6348, 6366, 6383, 6394, 6416, 6421, 6435, 6586, 6632, 6640, 6742, 6791, 6802, 6804, 6808, 6832, 6840, 6897, 6926, 6945, 6987, 6998, 7005, 7023, 7032, 7060, 7088, 7165, 7166, 7199, 7231, 7246, 7276, 7286, 7292, 7318, 7346, 7364, 7365, 7366, 7367, 7368, 7369, 7370, 7371, 7372, 7373, 7374, 7375, 7376, 7377, 7378, 7379, 7380, 7381, 7382, 7383, 7384, 7385, 7386, 7387, 7388, 7389, 7390,
    4449, 4461, 4474, 4483, 4506, 4510, 4522, 4570, 4584, 4600, 4603, 4667, 4668, 4671, 4673, 4693, 4700, 4749, 4768, 4879, 4936, 4964, 5002, 5011, 5045, 5082, 5100, 5130, 5132, 5152, 5167, 5184, 5190, 5201, 5216, 5290, 5305, 5316, 5317, 5320, 5324, 5349, 5359, 5373, 5381, 5393, 5406, 5415, 5466, 5504, 5507, 5525, 5544, 5581, 5583, 5595, 5634, 5639, 5669, 5679, 5711, 5719, 5728, 5729, 5781, 5818, 5840, 5850, 5861, 5890, 5891, 5892, 5893, 5894, 5895, 5896, 5897, 5898, 5899, 5900, 5901, 5902, 5903, 5904, 5905, 5906, 5907, 5908, 5909, 5910, 5911, 5912, 5913, 5914, 5915,
    6, 9, 13, 98, 191, 207, 228, 244, 252, 262, 267, 274, 289, 364, 395, 404, 421, 456, 501, 529, 544, 552, 561, 571, 599, 637, 653, 683, 710, 740, 787, 843, 845, 870, 892, 893, 921, 932, 933, 957, 990, 992, 1019, 1062, 1101, 1122, 1142, 1150, 1181, 1188, 1213, 1276, 1277, 1286, 1308, 1316, 1371, 1405, 1436, 1454, 1458, 1461, 1462, 1463, 1464, 1465, 1466, 1467, 1468, 1469, 1470, 1471, 1472, 1473, 1474, 1475, 1476, 1477, 1478, 1479, 1480, 1481, 1482, 1483, 1484,
    8824, 8831, 8832, , 8849, 8914, 8932, 8932, 8934, 8956, 8968, 8985, 9011, 9096, 9111, 9118, 9175, 9188, 9214, 9227, 9229, 9254, 9302,, 9302, 9320, 9322, 9324, 9340, 9354, 9398, 9440, 9474, 9488, 9489, 9491, 9495, 9534, 9550, 9558, 9561, 9565, 9570, 9574, 9592, 9618, 9628, 9629, 9650, 9675, 9678, 9704, 9736, 9875, 9960, 9970,
    1486, 1536, 1558, 1573, 1621, 1618, 1647, 1649, 1669, 1679, 1696, 1712, 1812, 1815, 1833, 1857, 1916, 1941, 1986, 1993, 1999, 2046, 2084, 2088, 2092, 2140, 2186, 2229, 2257, 2295, 2299, 2353, 2357, 2363, 2366, 2374, 2386, 2420, 2470, 2497, 2502, 2513, 2517, 2542, 2551, 2571, 2574, 2588, 2590, 2609, 2621, 2651, 2664, 2687, 2689, 2693, 2725, 2733, 2736, 2739, 2761,281, 2784, 2787, 2874, 2906, 2910, 2922, 2923, 2924, 2925, 2926, 2927, 2928, 2929, 2930, 2931, 2932, 2933, 2934, 2935, 2936, 2937, 2938, 2939, 2940, 2941, 2942, 2943, 2944, 2945, 2946, 2947, 2948, 2949, 2950, 2951, 2952, 2953, 2954
]

indices_vague = [
    2995, 3040, 3181, 3440, 3452, 3617, 3627, 3668, 3688, 3753, 3779, 3788, 3827, 3852, 3888, 3964, 3993, 4055, 4083, 4093, 4151, 4161, 4174, 4274, 4331, 4412,
    7416, 7477, 7616, 7644, 8125, 8179, 8257, 8263, 8291, 8301, 8334, 8395, 8505, 8544, 8590, 8651,
    5949, 6064, 6119, 6126, 6214, 6306, 6314, 6388, 6463, 6523, 6536, 6598, 6610, 6771, 6796, 6815, 6940, 7007, 7049, 7076, 7222, 7254, 7344, 7357,
    4467, 4540, 4550, 4635, 4666, 4710, 4725, 4742, 4758, 4783, 4797, 4800, 4802, 4829, 4831, 4870, 4872, 4881, 4901, 4914, 4923, 5003, 5007, 5016, 5028, 5061, 5096, 5182, 5195, 5206, 5372, 5374, 5408, 5414, 5422, 5453, 5537, 5548, 5562, 5598, 5603, 5612, 5629, 5659, 5663, 5673, 5706, 5707, 5713, 5717, 5750, 5751, 5822, 5831, 5857, 5862,
    60, 78, 80, 83, 90, 137, 159, 161, 182, 243, 249, 331, 352, 354, 389, 410, 438, 554, 579, 649, 700, 716, 754, 822, 853, 879, 881, 955, 975, 986, 1078, 1164, 1198, 1249, 1260, 1324, 1337, 1343, 1395, 1398,
    8814, 8883, 8892, 8908, 8926, 8971, 8992, 9030, 9045, 9088, 9098, 9104, 9114, 9231, 9286, 9291, 9392, 9409, 9427, 9438, 9513, 9516, 9598, 9699, 9732, 9751, 9812, 9817, 9819, 9838, 9848, 9868, 9884, 9956, 9980,
    1500, 1519, 1526, 1532, 1601, 1603, 1620, 1632, 1636, 1654, 1671, 1732, 1751, 1786, 1788, 1798, 1841, 1855, 1876, 1924, 1925, 1972, 1976, 1978, 1980, 1994, 2031, 2070, 2074, 2104, 2127, 2154, 2202, 2203, 2207, 2218, 2226, 2241, 2251, 2297, 2323, 2406, 2424, 2429, 2439, 2449, 2473, 2577, 2586, 2595, 2613, 2617, 2629, 2679, 2684, 2770, 2790, 2888
]